version https://git-lfs.github.com/spec/v1
oid sha256:3193644f19031289fdb877b75362492f1b37bba2813ca2d59fae480bdd1244db
size 137122
