version https://git-lfs.github.com/spec/v1
oid sha256:4c77a7d80b4d110f73104b19c6728c051dbff56022d7778555f8235f60ddc1e0
size 100358
