version https://git-lfs.github.com/spec/v1
oid sha256:24d2cbeb62b773ba8e21061e85c589c87d45a174f26f19a74547956e13a83594
size 101350
